-1.485361069713324045e-01 1.188436453928770842e+00
4.818638381991711128e-01 1.957272217819379379e-01
-1.747714892549549481e-01 1.019454527809019184e-01
4.237612022963603287e-01 -7.666898635054695266e-01
-1.140039092276905697e+00 2.118127566970731679e-01
-2.137674465097862131e-01 -1.137162960211836271e+00
6.479893273877855853e-01 -3.506128415885247929e-01
7.290061978210378157e-01 -7.224022020641300834e-01
1.116253084300802279e-01 -7.917990075087194546e-02
9.634918045646612139e-01 2.893809279673856816e-01
-7.978247826389394115e-01 7.256655107026204199e-01
-2.034019163525709661e+00 -6.597003215515030439e-01
-7.306101175092345468e-01 -1.273102918342605694e-01
-2.481166612397507354e-01 -1.047115624037366216e-01
-2.415000472117221492e-02 4.281832877421354322e-01
-6.867704392877715946e-01 7.531229498562532765e-01
-1.148222491150985736e+00 -3.563532538000683259e-01
-3.038811320678904693e-01 9.352358106332875343e-02
-6.027190224165622778e-01 -2.649646573714919406e-01
6.305063051095746163e-01 6.406317946292936494e-01
-9.774296957460362201e-01 7.161019338271133738e-02
5.503239804703501381e-01 -8.767655637527472789e-01
1.187387473215243405e-01 7.752574183960769805e-01
9.086917941534967957e-02 1.281107923348350441e+00
1.232635083847116036e-01 -9.162676723264613354e-01
2.791330140000437554e-01 -2.530075155053945757e-01
6.896612591159296812e-01 -6.791411667946642972e-01
1.572487974672258648e-01 1.771894558519594987e-01
-1.272612260959270492e+00 7.363361755828330413e-01
-5.719438805387624392e-01 7.730492703234994600e-01
1.315891679089982613e+00 3.257711757996406554e-01
2.856829209588630514e-01 1.985453430644504302e-01
9.514187870929224911e-01 1.775948241939777350e-01
-1.427942850548070464e+00 -7.601933080040917945e-01
-9.292101179111385001e-01 9.571081092428521675e-01
-4.450805486947621015e-01 4.848198096930071976e-01
6.108581714891319070e-01 4.317893050119566700e-01
1.151272137170483434e-01 -3.013185394679564477e-01
-1.234378977202583938e+00 2.890481041030988907e-01
-1.746244759744767228e-01 1.822145436584697298e-01
-1.217655982500133405e+00 1.923560358153662830e-02
-3.178162757551115658e-01 -3.914864331311697088e-01
-4.123259180851412964e-02 9.400187972622038313e-01
5.707238902264734071e-01 1.146277994111037479e+00
4.296245792757926729e-01 -2.197858712425543315e-01
-5.628345225767888982e-01 9.961963534423480260e-01
1.380261599809847972e+00 7.811951285318052829e-01
4.577524010291049161e-01 9.540257664599893772e-01
-8.569581211317393032e-01 -1.839101262689470939e-01
2.036694939077409172e-01 -1.192120656804870116e+00
3.175999229060327833e-02 2.814613920900127519e-01
-1.519956645829468656e+00 1.644961605703297414e+00
1.828877290984460835e+00 8.053946194856294039e-01
-3.289442016946554914e-01 9.181268092975231054e-01
8.364934150645411681e-02 -6.752305509898254288e-02
8.148798701569708314e-01 7.219097087228577569e-01
-1.092422579546160399e+00 6.665193008492489510e-03
-6.712517152576725765e-01 1.245072290126880699e+00
-4.167082998602332777e-01 -1.630881014397515205e+00
1.259277561742381257e-01 6.465337369922753430e-01
1.551053379133912058e+00 1.663207062534994966e-04
1.539178566726351893e-01 -6.336439040268373457e-01
-2.634135661518037796e-01 -7.572121774460267574e-01
1.592975419870535259e+00 -1.750564992283247356e+00
-5.361947205427562702e-03 -1.009204925693540922e+00
7.973647441035303096e-01 -6.544443164081253927e-01
-8.518769590881587472e-01 3.841036670751419857e-01
4.294721943449056889e-01 -2.658322632248846240e-01
-5.620286233510000118e-01 -2.896508978822359692e-01
-4.919914008523701421e-01 -6.689267585179451414e-01
-6.549708770818971626e-01 -4.024974623512802552e-01
-6.122719784799905973e-01 -3.162887376829788544e-02
-9.867444332899668602e-01 -1.065514515085937530e+00
9.026209915223850633e-01 3.023373080707782989e-01
6.959135474653345144e-01 -4.222768797120199924e-01
-1.342255071106209119e+00 5.582838640742693315e-01
-7.278893383092479574e-01 -6.099037392955458659e-02
2.485112830285523267e-01 -6.420401337841247225e-01
7.043866141649667290e-01 -3.676644855868558825e-01
-5.286297067765015623e-01 4.099140218443979022e-01
-3.515300289083561069e-01 1.971838153296645024e-01
9.857396521406247558e-01 -6.905470594150704411e-01
-7.680878391287988549e-01 -3.723888986996507500e-01
-3.451171602155783114e-01 -1.205754885284710809e-01
5.166239365963010144e-01 7.211194209350824114e-01
-1.676090742116698173e-01 7.234406412739216030e-01
-7.045193843304128900e-02 -1.300556767567272454e-01
-1.537411821025540082e+00 2.249304800020479611e-01
-9.569901048811764455e-02 1.020502897178526602e+00
4.378768338190920373e-01 -5.621579383286454679e-01
-2.685750640450202953e-01 -2.585391644982727444e-01
-1.976721977491897819e+00 -7.275708877483050285e-02
-1.168875795493196312e+00 -6.356874471897484558e-01
-4.838316412125995281e-01 2.000582658205612319e+00
-1.117224547232356757e+00 -2.627443399395214541e-01
6.327704808692244942e-01 -2.560702324332936319e-01
-3.248078916369197544e-01 6.844569829845098541e-01
9.181903584296360332e-01 1.330691552482890228e-01
-5.488251692624108724e-01 -4.518665427219976105e-01
1.652040272989233616e-01 8.323550016958354558e-02
5.839902294408017447e+00 -1.226420782890017547e+00
5.992005923049244842e+00 5.858898923184001628e-01
4.453561597118032012e+00 4.049157253389406019e-01
4.051004312814119324e+00 6.468892836534845259e-01
4.504975701964101908e+00 1.108803704789820710e+00
3.302807854671282684e+00 1.249299851977752895e-01
7.598920759436909478e+00 -1.005137468870739514e+00
6.259266667042628463e+00 -7.413624664784678187e-01
5.672453504600674989e+00 5.572297007937894175e-01
5.027583833149069648e+00 -9.428859396839474050e-01
3.878981315641909511e+00 -1.561870763971462184e+00
4.702318137426509281e+00 -7.024094037423896930e-01
4.854758315598123097e+00 2.101800062216810705e+00
4.866090739411244925e+00 1.425779769282033982e+00
4.061904994132933489e+00 5.165337505337574270e-02
5.885292649204385107e+00 -7.124149917183899561e-01
3.192439067792876894e+00 -9.230531258441124765e-01
5.166675268633969864e+00 3.086572218305601023e-01
5.841707826857930108e+00 1.877404718636861425e+00
4.654540748830950037e+00 4.082660740361193086e-01
6.021967645863763430e+00 -3.883971530386289839e-01
5.064943562793811083e+00 1.158797848006632325e+00
5.856968247832217145e+00 -3.886256827538603353e-01
4.026249208856371276e+00 -3.603125849524060342e-01
5.902208481009239449e+00 -9.122108571576525993e-01
3.460118346742200757e+00 -8.392110571049438139e-01
6.346921387571853757e+00 5.601945689216402124e-01
6.033212392647318012e+00 -3.385269973674946975e-01
6.913746925723154746e+00 -9.143497621273161124e-01
4.873578044799403486e+00 -6.141786419819001974e-01
5.930765890643479032e+00 -7.920451175560176971e-01
6.154556541980479523e+00 1.078888473366920620e+00
5.986822746943385454e+00 1.230412851444156325e-01
4.399048233407192754e+00 1.107995302631146872e+00
7.487066002270294618e+00 1.073029840550461661e-01
4.786439160203767251e+00 6.335576658083817980e-01
2.826617129559850117e+00 -9.220910989665125068e-02
5.367592938982788553e+00 -8.024921780276516037e-01
4.787789630087929460e+00 5.729359774315895271e-01
3.601352466378298978e+00 -4.519822098503925578e-01
3.898150680419950831e+00 -6.610684572840830331e-01
3.203420699947139738e+00 -5.463417785087727463e-01
5.492098794300876108e+00 1.028851565047601557e+00
4.230395234448964814e+00 1.130688441999371685e+00
4.926531252948730177e+00 1.038175949654352448e-01
5.247096012185370029e+00 -6.598364739534308410e-02
7.275183592610014571e+00 -5.604852727575815319e-01
4.067610418227480373e+00 1.126385603412178860e+00
6.102432436426020956e+00 8.224779757478373199e-01
5.001840506846426671e+00 3.510509822403676816e-01
2.691085160357975958e+00 7.354949796121730277e-01
4.949554811263798371e+00 2.765881299541883553e-01
3.571763505010542517e+00 7.407537581862351228e-01
6.429934591201597271e+00 8.660047750970741864e-01
3.466372999232938845e+00 -5.118100862353204272e-01
4.359206756026914320e+00 -1.632882747234455145e+00
4.033205288379473785e+00 1.544017537784779237e-01
3.706268681771649032e+00 8.396732735441450046e-01
3.977782038379585217e+00 2.403651437136765878e+00
4.106069490659671750e+00 -7.541568159990332809e-01
6.015202410549317591e+00 2.794128926333909302e+00
4.288979710190573336e+00 7.053852634299079272e-01
3.105797465563417958e+00 -8.475803697042013640e-01
5.515005445614686863e+00 8.368287594284057329e-01
3.618384509882391242e+00 8.534181778423824416e-02
5.005631195508875919e+00 2.198902863881099512e-01
3.575451586091868528e+00 -4.337769055152049594e-03
4.790370100900720018e+00 1.660782307258253043e+00
5.889575793566836026e+00 -1.628257697628372691e+00
3.701435364925497851e+00 1.963675724382726029e-01
5.204525839753909366e+00 -1.453700089887463243e+00
4.861500667463946712e+00 1.417641865382035071e+00
5.052885751942060466e+00 4.843189570112932385e-01
3.878754849951909556e+00 -1.235278662658440135e-01
4.803198457089821183e+00 -5.989133340609220646e-01
5.942157866912403108e+00 2.805594874074664458e-01
6.526065404127458613e+00 6.460324441935790807e-01
5.986793367022920975e+00 -2.369520225558613136e-01
4.084989982373572914e+00 -4.078126922180136948e-01
3.891162361680388759e+00 2.639509683792047312e-01
2.999824336234313993e+00 4.765939707839962902e-01
3.352057232458236058e+00 -1.717403854436674315e+00
4.297512817015513242e+00 -1.148564735376641499e+00
5.992767225731277847e+00 1.457719506070499937e+00
3.751952293694091445e+00 3.243348882409438638e-01
2.938413149540808789e+00 -6.879587429486549999e-01
3.978053132541757186e+00 -3.312639136661099104e-01
4.130368332060368353e+00 -3.991414532566910783e-02
6.113471473756112218e+00 9.550344251691562647e-01
3.962336268755004998e+00 -6.126257881213592604e-01
4.309953942182064068e+00 -5.114767219672924914e-02
5.551664381826316941e+00 7.400422647352319361e-01
4.143291010198061564e+00 -3.194761317016886482e-02
5.948265331601311878e+00 4.472076266521293197e-01
4.359180131190692364e+00 2.592476243685224238e-02
3.326287540389680775e+00 -5.752831824672439698e-01
7.087613570384077022e+00 2.555382248937999035e-01
5.427025255506909396e+00 -1.875531459443304794e-01
4.993971201846937547e+00 1.160323288213648135e-01
5.550650579610779900e+00 -7.500845947176465640e-03
-1.418686110061093020e+00 4.090232705903140698e+00
-1.564815014365803947e+00 7.795507475086562721e+00
8.706805502050956047e-01 6.938446470161856006e+00
-5.009030092230897235e-01 5.743961048130474367e+00
-9.557430081010049872e-01 2.476438281313451562e+00
6.192739680266532432e-01 3.463263262830608369e+00
2.960477667284837633e-01 6.312521606501973359e+00
1.056621694883369544e+00 6.579588594414590652e+00
1.180407835654457616e+00 4.478305960907286831e+00
-4.517239555678731477e-01 7.079371609530706877e+00
2.789543902494803440e+00 6.049664870432727604e+00
5.763283816953992389e-01 7.609917605968084864e+00
-7.546040715231884244e-01 4.354810752444106647e+00
-5.079628867429182293e-01 4.307506217576802854e+00
2.675469202766137755e+00 4.812110796790765477e+00
-1.985589811674182581e+00 4.820081781946005783e+00
-1.152747300266235807e-02 3.315676934161196243e+00
-1.806635222045999134e-02 4.206045123589175816e+00
1.000838371228633950e+00 4.832159939560370709e+00
1.900135388874664710e-01 6.399082314970275576e+00
-2.569355944655475898e-01 4.091251564362591076e+00
-6.243466000336231891e-01 3.047730012579437986e+00
2.099258748755931769e+00 4.639622283279170922e+00
2.137897860386804183e+00 5.583046122441128745e+00
6.544118995811784023e-01 5.021314776528229551e+00
1.597935014600898818e+00 3.089197877905765388e+00
1.769133783665150558e-03 5.423829495441665927e+00
2.045779354063467892e+00 2.649875165889502782e+00
1.179498001814196728e+00 5.245248961423431666e+00
1.192002779266794876e+00 5.343700640021690873e+00
-1.233534642483596899e+00 3.110709223085203590e+00
-2.368347953320831589e+00 4.161589766962935144e+00
-1.761542103022398997e+00 5.628320937336978247e+00
2.089560703984736811e+00 7.123519881440714130e+00
6.054417155521576444e-01 3.918652509131381745e+00
-8.314082376789093676e-01 5.514846499223468257e+00
2.826807154372415476e-01 4.979609493905186923e+00
7.096575033033464264e-01 5.320465230493536701e+00
-2.107980585856003009e-01 5.760277198809406585e+00
4.637737863998805388e-01 5.951806284910242439e+00
-3.101069365262479671e+00 3.066849284241667029e+00
-2.514053102078892543e+00 7.185632046450180610e+00
9.073676951968176474e-02 5.084569184678518816e+00
-1.128522925974800417e+00 5.130865298438041400e+00
1.319358754439148296e+00 4.275519908838502303e+00
2.079725317948055263e+00 6.857802073945681087e+00
-1.203870699297542535e+00 5.180205131800114771e+00
6.957276548733446475e-01 3.983345283939870640e+00
-4.144265461095284625e-02 3.540481888287304368e+00
-1.586776938324763186e+00 6.072762974427384108e+00
4.471489169410423070e-01 4.193415270030392605e+00
-9.477155383786650678e-01 5.310895920733634590e+00
9.448446360354301188e-02 3.270608640386391208e+00
-7.042337058999605937e-01 5.483614249779808603e+00
1.668241489781609577e+00 4.174758021028681654e+00
3.653982051361682970e+00 6.754612829425036935e+00
-1.048952308074402318e+00 4.702900712264426630e+00
-1.345663668962134407e+00 6.468374227798927123e+00
2.081231724335626421e+00 4.549202723831106354e+00
-1.319452093598880715e+00 3.618908491251470849e+00
2.647482570464893659e+00 6.129108604223620915e+00
1.197428374191629841e+00 4.854580118336086159e+00
-2.993891955045224318e+00 6.494677372085376987e+00
4.179265279893814800e+00 4.709978305123047271e+00
-1.664870092062715745e+00 4.825684301987466895e+00
-6.833720289693026029e-01 3.246815924347841609e+00
-2.195155558027692244e+00 4.415341434815133859e+00
1.515783803035463340e+00 4.767290087554373557e+00
-6.338460000066008515e-01 5.200107185766403184e+00
8.966330365874859432e-01 6.320886780287031215e+00
-3.731919948297752199e-01 6.633793769825647502e+00
1.332170115198936022e+00 5.257032121535025304e+00
3.807909775003739949e-02 7.457774251390734577e+00
-3.665667503289842699e+00 6.432029276451183719e+00
-4.023288037587060550e-01 5.667339428900735498e+00
-1.296359471404884944e+00 3.848219733022592237e+00
-2.223304126921864743e+00 3.475283834106656311e+00
1.135278147142725347e+00 3.941716810868862275e+00
2.289866941663340594e+00 5.033356274631126226e+00
3.387526376715785936e-01 4.999197365042601149e+00
-1.402897890741119147e+00 4.854271569133950415e+00
6.314359907706340591e-01 4.544305847343427018e+00
1.037512718323168048e+00 4.433633743626010038e+00
1.204752165212231274e+00 5.037685307946021318e+00
1.132921111423345062e+00 7.298310050243409286e+00
-9.958750195582992681e-01 5.122054465191265393e+00
-1.291645686085334255e-01 7.364993637368844936e+00
-2.020241141223670489e+00 3.580426414806129998e+00
-6.568382583949785580e-01 4.106069304120376628e+00
-1.104282907975717043e+00 5.050171782742124194e+00
1.743075533777478092e-01 3.783682615173070474e+00
4.774741450258803699e-01 1.678141771126882897e+00
7.277759238339518433e-01 6.105490825813755684e+00
2.294645823265108575e+00 5.584128383852973165e+00
-3.256066530867958608e+00 6.314844266877474688e+00
-5.445978393353041458e-01 7.537219241251088775e+00
1.408900415640196024e-01 4.777478120251577920e+00
1.263922779490870840e-01 1.836677057256134837e+00
1.802123867078721797e-01 1.449213239229979244e+00
-1.152363179395399451e+00 5.559614494369741422e+00
